
cores <- c(
  '#FED789FF',
  '#023743FF',
  '#72874EFF',
  '#476F84FF',
  '#A4BED5FF',
  '#453947FF'
)

